1.0
1.0
1.0
1.0
1.0
1.0
1.0
1.0
1.0
1.0
1.0
1.0
90.0
52.0
64.0
64.0
52.0
90.0
54.0
54.0
54.0
54.0
54.0
54.0
1.0
1.0
3.0
3.0
3.0
1.0
1.0
1.0
1.0
1.0
1.0
1.0
178.0
178.0
64.0
64.0
64.0
64.0
636.0
636.0
636.0
636.0
636.0
636.0
1.0
1.0
1.0
1.0
1.0
1.0
1.0
1.0
1.0
64.0
64.0
64.0
72.0
59.0
59.0
83.0
72.0
83.0
83.0
83.0
83.0
51.0
83.0
1.0
1.0
1.0
1.0
1.0
1.0
1.0
1.0
1.0
62.0
62.0
62.0
62.0
62.0
62.0
62.0
62.0
72.0
72.0
83.0
83.0
83.0
83.0
1.0
1.0
1.0
1.0
1.0
1.0
798.0
798.0
798.0
1.0
1.0
1.0
1.0
64.0
61.0
61.0
61.0
61.0
61.0
61.0
61.0
54.0
54.0
1.0
1.0
1.0
1.0
1.0
1.0
1.0
1.0
3.0
3.0
1.0
90.0
90.0
90.0
90.0
90.0
112.0
90.0
54.0
61.0
61.0
61.0
54.0
3.0
3.0
3.0
1.0
1.0
3.0
3.0
3.0
52.0
52.0
52.0
54.0
54.0
54.0
54.0
54.0
61.0
61.0
61.0
61.0
61.0
61.0
61.0
61.0
1.0
1.0
1.0
3.0
1.0
1.0
1.0
1.0
3.0
52.0
52.0
52.0
52.0
52.0
52.0
61.0
57.0
54.0
54.0
54.0
54.0
83.0
83.0
1.0
1.0
1.0
1.0
1.0
1.0
1.0
1.0
32.0
52.0
52.0
64.0
64.0
64.0
83.0
83.0
95.0
83.0
83.0
83.0
83.0
83.0
83.0
1.0
2.0
2.0
2.0
2.0
2.0
2.0
52.0
52.0
52.0
72.0
72.0
72.0
72.0
72.0
72.0
62.0
61.0
61.0
62.0
62.0
62.0
62.0
1.0
1.0
1.0
1.0
1.0
1.0
1.0
1.0
1.0
1.0
1.0
1.0
90.0
90.0
61.0
61.0
61.0
54.0
54.0
61.0
54.0
90.0
61.0
61.0
1.0
1.0
1.0
1.0
1.0
1.0
1.0
72.0
72.0
72.0
72.0
72.0
72.0
72.0
72.0
72.0
72.0
72.0
72.0
72.0
72.0
62.0
62.0
3.0
3.0
3.0
3.0
3.0
3.0
712.0
712.0
3.0
64.0
64.0
86.0
64.0
64.0
64.0
64.0
64.0
63.0
63.0
63.0
64.0
64.0
64.0
64.0
1.0
1.0
1.0
1.0
1.0
112.0
1.0
72.0
72.0
64.0
72.0
72.0
72.0
64.0
72.0
72.0
83.0
83.0
1.0
1.0
1.0
1.0
1.0
1.0
1.0
1.0
1.0
1.0
1.0
72.0
72.0
72.0
178.0
72.0
178.0
72.0
72.0
54.0
51.0
51.0
51.0
1.0
1.0
1.0
1.0
1.0
1.0
1.0
1.0
1.0
1.0
1.0
64.0
82.0
82.0
82.0
82.0
82.0
54.0
54.0
54.0
54.0
98.0
54.0
3.0
4.0
4.0
4.0
4.0
3.0
3.0
3.0
3.0
3.0
594.0
82.0
82.0
82.0
101.0
64.0
64.0
64.0
64.0
64.0
83.0
83.0
83.0
1.0
1.0
1.0
1.0
1.0
1.0
32.0
20.0
20.0
20.0
76.0
72.0
78.0
76.0
76.0
82.0
77.0
77.0
77.0
83.0
63.0
63.0
63.0
83.0
1.0
2.0
2.0
2.0
1.0
2.0
4.0
47.0
47.0
72.0
72.0
72.0
72.0
72.0
72.0
72.0
72.0
72.0
72.0
72.0
72.0
72.0
62.0
3.0
3.0
3.0
4.0
4.0
4.0
4.0
4.0
3.0
90.0
90.0
98.0
98.0
98.0
98.0
98.0
98.0
98.0
98.0
98.0
54.0
54.0
1.0
1.0
1.0
1.0
1.0
1.0
1.0
1.0
72.0
72.0
72.0
72.0
72.0
72.0
72.0
72.0
72.0
72.0
72.0
72.0
72.0
72.0
88.0
78.0
722.0
722.0
722.0
722.0
830.0
722.0
722.0
722.0
722.0
722.0
722.0
722.0
722.0
722.0
722.0
722.0
722.0
722.0
830.0
830.0
830.0
830.0
830.0
830.0
629.0
830.0
830.0
722.0
722.0
830.0
722.0
722.0
722.0
722.0
830.0
830.0
830.0
830.0
830.0
830.0
830.0
830.0
722.0
722.0
722.0
722.0
722.0
722.0
722.0
722.0
722.0
722.0
722.0
722.0
722.0
722.0
722.0
722.0
722.0
722.0
722.0
722.0
722.0
722.0
722.0
722.0
722.0
722.0
722.0
722.0
722.0
722.0
722.0
722.0
722.0
722.0
722.0
722.0
722.0
722.0
722.0
722.0
722.0
722.0
722.0
722.0
722.0
722.0
722.0
830.0
830.0
830.0
830.0
830.0
830.0
830.0
830.0
830.0
830.0
830.0
830.0
830.0
830.0
830.0
830.0
830.0
830.0
830.0
830.0
722.0
722.0
722.0
830.0
722.0
722.0
722.0
722.0
722.0
722.0
830.0
830.0
830.0
830.0
830.0
830.0
830.0
830.0
830.0
830.0
830.0
830.0
830.0
830.0
830.0
830.0
830.0
722.0
722.0
722.0
722.0
722.0
722.0
722.0
722.0
722.0
722.0
722.0
722.0
722.0
830.0
830.0
722.0
722.0
722.0
830.0
830.0
830.0
830.0
830.0
830.0
830.0
830.0
830.0
830.0
830.0
830.0
830.0
830.0
830.0
830.0
830.0
830.0
830.0
722.0
830.0
722.0
722.0
722.0
830.0
830.0
830.0
830.0
830.0
830.0
830.0
830.0
830.0
830.0
830.0
830.0
830.0
830.0
830.0
830.0
830.0
830.0
830.0
830.0
830.0
722.0
830.0
830.0
830.0
830.0
830.0
830.0
830.0
830.0
830.0
830.0
830.0
722.0
722.0
830.0
722.0
722.0
722.0
722.0
722.0
722.0
722.0
722.0
722.0
722.0
722.0
722.0
722.0
722.0
722.0
722.0
722.0
722.0
722.0
722.0
722.0
722.0
722.0
722.0
722.0
722.0
722.0
722.0
722.0
722.0
722.0
722.0
722.0
722.0
722.0
722.0
722.0
722.0
722.0
722.0
722.0
722.0
722.0
722.0
722.0
722.0
4.0
4.0
4.0
4.0
4.0
4.0
4.0
4.0
5.0
6.0
130.0
130.0
165.0
165.0
165.0
401.0
401.0
401.0
165.0
165.0
165.0
165.0
537.0
776.0
5.0
5.0
5.0
5.0
5.0
5.0
5.0
5.0
3.0
5.0
178.0
178.0
178.0
178.0
178.0
178.0
178.0
178.0
178.0
178.0
178.0
165.0
165.0
165.0
5.0
5.0
5.0
5.0
5.0
5.0
7.0
3.0
3.0
3.0
3.0
52.0
52.0
52.0
52.0
52.0
52.0
54.0
54.0
54.0
54.0
54.0
54.0
54.0
7.0
7.0
5.0
20.0
20.0
20.0
20.0
20.0
20.0
20.0
53.0
53.0
53.0
53.0
53.0
53.0
53.0
53.0
53.0
70.0
70.0
70.0
162.0
70.0
5.0
5.0
5.0
6.0
6.0
30.0
39.0
39.0
30.0
30.0
30.0
130.0
130.0
130.0
130.0
130.0
130.0
130.0
130.0
62.0
62.0
62.0
62.0
62.0
5.0
4.0
4.0
4.0
4.0
4.0
4.0
4.0
4.0
4.0
130.0
130.0
130.0
130.0
130.0
130.0
130.0
130.0
130.0
130.0
130.0
130.0
130.0
54.0
5.0
5.0
5.0
4.0
4.0
4.0
4.0
4.0
4.0
6.0
130.0
130.0
130.0
130.0
130.0
130.0
130.0
130.0
130.0
130.0
130.0
130.0
54.0
54.0
5.0
5.0
4.0
5.0
4.0
5.0
4.0
5.0
5.0
5.0
5.0
5.0
130.0
130.0
130.0
130.0
130.0
98.0
98.0
130.0
116.0
116.0
54.0
54.0
5.0
5.0
5.0
5.0
5.0
5.0
5.0
5.0
5.0
5.0
6.0
5.0
130.0
75.0
116.0
130.0
130.0
165.0
165.0
165.0
165.0
165.0
165.0
165.0
5.0
5.0
5.0
5.0
5.0
5.0
5.0
5.0
5.0
178.0
178.0
587.0
178.0
178.0
587.0
202.0
202.0
202.0
165.0
177.0
165.0
177.0
177.0
190.0
5.0
5.0
5.0
5.0
5.0
7.0
32.0
32.0
32.0
67.0
67.0
67.0
322.0
182.0
182.0
182.0
182.0
182.0
182.0
182.0
95.0
95.0
95.0
95.0
4.0
4.0
4.0
4.0
4.0
4.0
4.0
4.0
6.0
6.0
6.0
82.0
388.0
388.0
222.0
388.0
388.0
222.0
222.0
175.0
175.0
175.0
175.0
175.0
6.0
6.0
6.0
6.0
6.0
6.0
6.0
6.0
32.0
32.0
32.0
337.0
404.0
349.0
349.0
349.0
378.0
378.0
378.0
337.0
182.0
182.0
269.0
148.0
6.0
6.0
6.0
4.0
4.0
4.0
6.0
39.0
10.0
47.0
30.0
89.0
157.0
157.0
125.0
157.0
89.0
89.0
89.0
72.0
72.0
104.0
104.0
62.0
4.0
4.0
3.0
3.0
4.0
4.0
4.0
4.0
4.0
4.0
6.0
113.0
113.0
176.0
176.0
176.0
176.0
176.0
152.0
152.0
116.0
116.0
116.0
54.0
4.0
4.0
4.0
4.0
4.0
4.0
4.0
3.0
3.0
5.0
6.0
165.0
165.0
165.0
165.0
147.0
113.0
165.0
152.0
152.0
152.0
175.0
98.0
98.0
3.0
3.0
4.0
4.0
4.0
4.0
4.0
6.0
6.0
6.0
6.0
165.0
165.0
165.0
165.0
165.0
165.0
165.0
165.0
165.0
165.0
152.0
152.0
152.0
6.0
6.0
6.0
4.0
4.0
4.0
4.0
4.0
6.0
6.0
6.0
140.0
454.0
454.0
454.0
454.0
454.0
165.0
165.0
165.0
165.0
152.0
175.0
175.0
6.0
6.0
6.0
6.0
6.0
6.0
6.0
6.0
6.0
6.0
165.0
454.0
454.0
165.0
165.0
165.0
454.0
165.0
202.0
98.0
152.0
175.0
175.0
175.0
6.0
6.0
6.0
6.0
6.0
6.0
6.0
6.0
32.0
32.0
404.0
264.0
349.0
337.0
349.0
349.0
349.0
349.0
337.0
183.0
183.0
183.0
183.0
148.0
6.0
6.0
6.0
6.0
6.0
39.0
39.0
39.0
39.0
39.0
39.0
39.0
183.0
183.0
183.0
183.0
183.0
183.0
183.0
183.0
183.0
104.0
104.0
104.0
4.0
4.0
4.0
4.0
4.0
4.0
4.0
39.0
39.0
712.0
712.0
712.0
712.0
712.0
712.0
712.0
712.0
712.0
712.0
82.0
712.0
712.0
712.0
712.0
6.0
4.0
4.0
4.0
4.0
4.0
6.0
6.0
6.0
6.0
169.0
274.0
274.0
274.0
274.0
274.0
831.0
176.0
176.0
152.0
152.0
152.0
152.0
152.0
4.0
4.0
4.0
3.0
3.0
3.0
3.0
3.0
3.0
4.0
4.0
113.0
164.0
150.0
150.0
150.0
150.0
150.0
150.0
150.0
150.0
150.0
151.0
150.0
830.0
722.0
722.0
722.0
722.0
722.0
722.0
722.0
722.0
722.0
722.0
830.0
830.0
830.0
830.0
830.0
830.0
830.0
722.0
722.0
722.0
830.0
830.0
830.0
830.0
830.0
830.0
830.0
830.0
830.0
830.0
830.0
830.0
830.0
830.0
830.0
722.0
722.0
722.0
722.0
722.0
722.0
722.0
722.0
830.0
830.0
722.0
722.0
830.0
830.0
830.0
722.0
722.0
830.0
830.0
722.0
722.0
722.0
722.0
722.0
722.0
722.0
722.0
722.0
722.0
722.0
830.0
830.0
830.0
830.0
722.0
830.0
830.0
830.0
830.0
830.0
830.0
830.0
830.0
722.0
830.0
830.0
830.0
830.0
830.0
830.0
830.0
830.0
830.0
830.0
830.0
830.0
830.0
830.0
830.0
830.0
830.0
830.0
722.0
830.0
830.0
830.0
830.0
830.0
830.0
830.0
830.0
830.0
830.0
830.0
830.0
830.0
830.0
830.0
830.0
830.0
830.0
830.0
830.0
722.0
830.0
830.0
830.0
830.0
830.0
830.0
830.0
830.0
830.0
830.0
830.0
830.0
830.0
830.0
830.0
830.0
830.0
722.0
722.0
722.0
722.0
722.0
830.0
830.0
722.0
722.0
722.0
722.0
722.0
722.0
722.0
722.0
830.0
722.0
722.0
722.0
722.0
722.0
722.0
722.0
830.0
830.0
830.0
830.0
830.0
830.0
830.0
830.0
722.0
830.0
722.0
722.0
830.0
830.0
830.0
830.0
830.0
830.0
830.0
830.0
830.0
830.0
830.0
830.0
830.0
722.0
722.0
722.0
830.0
830.0
830.0
830.0
722.0
830.0
830.0
722.0
830.0
830.0
830.0
830.0
830.0
830.0
830.0
830.0
830.0
830.0
830.0
830.0
830.0
830.0
830.0
830.0
830.0
830.0
830.0
830.0
830.0
830.0
830.0
830.0
830.0
830.0
830.0
830.0
830.0
830.0
830.0
830.0
830.0
830.0
830.0
830.0
830.0
830.0
830.0
830.0
830.0
830.0
830.0
830.0
5.0
5.0
6.0
6.0
6.0
6.0
5.0
5.0
6.0
6.0
6.0
472.0
472.0
472.0
472.0
186.0
472.0
472.0
472.0
776.0
625.0
472.0
269.0
152.0
5.0
5.0
5.0
5.0
5.0
5.0
5.0
5.0
454.0
737.0
737.0
737.0
732.0
732.0
732.0
732.0
732.0
732.0
732.0
732.0
776.0
776.0
776.0
587.0
587.0
587.0
587.0
587.0
587.0
587.0
587.0
388.0
737.0
587.0
732.0
587.0
732.0
732.0
732.0
732.0
591.0
587.0
587.0
381.0
587.0
587.0
607.0
587.0
10.0
6.0
6.0
10.0
10.0
6.0
322.0
322.0
322.0
322.0
322.0
587.0
587.0
587.0
587.0
587.0
587.0
587.0
587.0
149.0
587.0
587.0
587.0
587.0
10.0
10.0
10.0
10.0
10.0
10.0
388.0
322.0
322.0
322.0
472.0
472.0
472.0
376.0
472.0
472.0
472.0
376.0
376.0
376.0
390.0
472.0
183.0
183.0
5.0
5.0
5.0
5.0
5.0
5.0
5.0
5.0
5.0
388.0
530.0
388.0
388.0
169.0
130.0
130.0
130.0
530.0
530.0
530.0
530.0
530.0
530.0
530.0
5.0
5.0
6.0
6.0
6.0
6.0
6.0
5.0
5.0
165.0
365.0
365.0
365.0
365.0
365.0
365.0
186.0
186.0
186.0
186.0
186.0
186.0
186.0
186.0
5.0
5.0
5.0
5.0
5.0
5.0
5.0
5.0
5.0
178.0
178.0
178.0
165.0
365.0
365.0
365.0
365.0
365.0
186.0
165.0
165.0
165.0
165.0
165.0
5.0
5.0
5.0
5.0
5.0
5.0
6.0
6.0
6.0
6.0
186.0
472.0
186.0
186.0
454.0
587.0
186.0
587.0
587.0
587.0
587.0
269.0
177.0
269.0
587.0
587.0
587.0
587.0
587.0
587.0
5.0
5.0
388.0
587.0
587.0
587.0
587.0
587.0
587.0
587.0
587.0
587.0
587.0
587.0
587.0
587.0
587.0
587.0
6.0
6.0
6.0
6.0
6.0
6.0
6.0
322.0
322.0
322.0
349.0
349.0
349.0
378.0
349.0
587.0
378.0
378.0
378.0
378.0
349.0
269.0
349.0
269.0
17.0
5.0
10.0
10.0
10.0
10.0
10.0
30.0
30.0
322.0
365.0
365.0
413.0
413.0
413.0
413.0
413.0
413.0
376.0
182.0
182.0
182.0
130.0
182.0
6.0
6.0
10.0
10.0
6.0
6.0
6.0
6.0
10.0
404.0
404.0
404.0
349.0
349.0
349.0
349.0
349.0
349.0
349.0
349.0
349.0
269.0
149.0
269.0
10.0
10.0
10.0
10.0
10.0
6.0
6.0
10.0
10.0
10.0
347.0
438.0
438.0
438.0
147.0
104.0
207.0
207.0
207.0
207.0
104.0
104.0
183.0
207.0
6.0
6.0
5.0
5.0
6.0
6.0
5.0
6.0
6.0
6.0
165.0
365.0
365.0
365.0
365.0
365.0
365.0
556.0
556.0
556.0
165.0
165.0
611.0
611.0
5.0
5.0
5.0
5.0
5.0
5.0
5.0
5.0
5.0
147.0
165.0
165.0
165.0
165.0
165.0
165.0
165.0
165.0
165.0
165.0
165.0
165.0
165.0
152.0
5.0
5.0
5.0
5.0
6.0
6.0
6.0
5.0
6.0
6.0
165.0
165.0
165.0
165.0
165.0
165.0
165.0
165.0
165.0
165.0
165.0
165.0
175.0
175.0
6.0
6.0
6.0
6.0
6.0
6.0
6.0
6.0
6.0
6.0
454.0
454.0
454.0
207.0
454.0
209.0
207.0
207.0
152.0
167.0
175.0
175.0
175.0
175.0
6.0
6.0
6.0
6.0
6.0
6.0
6.0
6.0
6.0
6.0
6.0
454.0
454.0
454.0
454.0
454.0
290.0
207.0
454.0
207.0
207.0
207.0
175.0
175.0
6.0
6.0
6.0
6.0
6.0
6.0
6.0
6.0
6.0
149.0
149.0
279.0
279.0
279.0
279.0
279.0
279.0
279.0
25.0
25.0
10.0
10.0
404.0
349.0
349.0
349.0
349.0
413.0
349.0
349.0
390.0
349.0
182.0
181.0
181.0
5.0
5.0
5.0
5.0
5.0
5.0
5.0
5.0
5.0
5.0
165.0
165.0
147.0
147.0
165.0
165.0
165.0
556.0
165.0
165.0
165.0
165.0
176.0
152.0
5.0
5.0
5.0
5.0
4.0
4.0
6.0
6.0
5.0
6.0
165.0
165.0
165.0
365.0
365.0
165.0
165.0
165.0
165.0
165.0
165.0
165.0
165.0
152.0
5.0
5.0
5.0
6.0
6.0
4.0
6.0
6.0
6.0
6.0
165.0
165.0
165.0
165.0
165.0
165.0
165.0
165.0
165.0
532.0
165.0
165.0
175.0
175.0
5.0
4.0
4.0
4.0
4.0
4.0
4.0
4.0
3.0
3.0
3.0
3.0
4.0
207.0
207.0
207.0
207.0
207.0
207.0
207.0
207.0
207.0
207.0
207.0
4.0
4.0
4.0
4.0
4.0
4.0
4.0
4.0
4.0
4.0
6.0
207.0
207.0
207.0
207.0
207.0
207.0
147.0
167.0
167.0
167.0
175.0
175.0
175.0
4.0
8.0
8.0
8.0
8.0
8.0
4.0
4.0
4.0
6.0
6.0
6.0
207.0
207.0
207.0
207.0
207.0
207.0
167.0
167.0
167.0
167.0
175.0
175.0
722.0
722.0
722.0
722.0
722.0
722.0
722.0
722.0
722.0
722.0
722.0
722.0
722.0
722.0
722.0
722.0
722.0
722.0
830.0
830.0
830.0
830.0
830.0
722.0
830.0
722.0
722.0
830.0
830.0
722.0
722.0
722.0
722.0
722.0
722.0
722.0
722.0
830.0
722.0
722.0
722.0
830.0
830.0
830.0
830.0
830.0
722.0
722.0
722.0
722.0
722.0
722.0
722.0
830.0
722.0
722.0
722.0
722.0
722.0
722.0
722.0
722.0
722.0
722.0
830.0
830.0
830.0
830.0
830.0
830.0
830.0
722.0
722.0
722.0
722.0
722.0
722.0
722.0
722.0
722.0
722.0
722.0
722.0
830.0
722.0
722.0
830.0
830.0
830.0
830.0
830.0
830.0
830.0
830.0
830.0
830.0
830.0
830.0
830.0
722.0
722.0
722.0
722.0
722.0
722.0
722.0
722.0
722.0
722.0
722.0
722.0
722.0
722.0
722.0
722.0
722.0
830.0
830.0
830.0
830.0
830.0
830.0
830.0
722.0
830.0
722.0
722.0
722.0
722.0
722.0
722.0
722.0
722.0
830.0
830.0
830.0
830.0
830.0
722.0
722.0
722.0
722.0
830.0
830.0
830.0
722.0
722.0
722.0
722.0
722.0
722.0
830.0
830.0
830.0
830.0
830.0
830.0
830.0
830.0
830.0
830.0
830.0
830.0
830.0
830.0
830.0
830.0
830.0
830.0
830.0
830.0
830.0
830.0
830.0
830.0
830.0
830.0
830.0
830.0
830.0
722.0
722.0
722.0
830.0
830.0
830.0
830.0
830.0
830.0
830.0
830.0
830.0
7.0
5.0
7.0
5.0
7.0
7.0
7.0
7.0
7.0
7.0
7.0
115.0
115.0
115.0
166.0
166.0
166.0
166.0
166.0
241.0
166.0
241.0
241.0
241.0
5.0
5.0
5.0
7.0
7.0
7.0
7.0
7.0
7.0
5.0
115.0
115.0
115.0
115.0
165.0
209.0
209.0
166.0
166.0
166.0
166.0
177.0
241.0
177.0
10.0
10.0
10.0
10.0
10.0
10.0
10.0
7.0
10.0
10.0
67.0
106.0
142.0
372.0
372.0
372.0
372.0
372.0
372.0
162.0
162.0
162.0
162.0
162.0
10.0
10.0
10.0
10.0
10.0
10.0
10.0
10.0
30.0
10.0
30.0
30.0
115.0
115.0
115.0
115.0
115.0
115.0
181.0
62.0
62.0
181.0
181.0
181.0
5.0
5.0
5.0
5.0
5.0
5.0
5.0
5.0
5.0
5.0
5.0
5.0
147.0
147.0
147.0
115.0
115.0
115.0
165.0
147.0
625.0
625.0
241.0
241.0
5.0
5.0
5.0
5.0
5.0
5.0
5.0
5.0
5.0
5.0
115.0
115.0
115.0
115.0
115.0
115.0
115.0
165.0
115.0
241.0
241.0
241.0
241.0
241.0
5.0
5.0
5.0
5.0
5.0
5.0
5.0
5.0
5.0
5.0
5.0
115.0
147.0
147.0
209.0
209.0
209.0
209.0
209.0
177.0
177.0
162.0
162.0
162.0
7.0
7.0
5.0
5.0
5.0
5.0
5.0
5.0
5.0
5.0
5.0
5.0
209.0
209.0
209.0
209.0
209.0
209.0
209.0
162.0
177.0
241.0
241.0
241.0
7.0
7.0
7.0
7.0
7.0
5.0
798.0
798.0
7.0
7.0
7.0
115.0
199.0
106.0
106.0
166.0
166.0
166.0
166.0
166.0
106.0
106.0
106.0
106.0
5.0
5.0
5.0
5.0
5.0
20.0
20.0
20.0
20.0
20.0
20.0
20.0
62.0
62.0
62.0
106.0
62.0
62.0
62.0
83.0
83.0
83.0
83.0
83.0
5.0
5.0
5.0
5.0
5.0
30.0
30.0
798.0
798.0
30.0
115.0
115.0
115.0
115.0
838.0
838.0
838.0
838.0
838.0
206.0
838.0
838.0
798.0
798.0
798.0
798.0
798.0
798.0
798.0
798.0
798.0
798.0
5.0
5.0
5.0
115.0
115.0
147.0
147.0
115.0
115.0
115.0
115.0
115.0
241.0
54.0
54.0
54.0
10.0
10.0
10.0
5.0
5.0
12.0
12.0
10.0
62.0
10.0
62.0
62.0
62.0
62.0
89.0
62.0
62.0
62.0
62.0
62.0
62.0
62.0
62.0
62.0
5.0
5.0
5.0
5.0
5.0
4.0
4.0
5.0
5.0
5.0
5.0
5.0
147.0
147.0
147.0
147.0
147.0
147.0
147.0
147.0
147.0
147.0
147.0
147.0
5.0
5.0
5.0
5.0
5.0
5.0
5.0
5.0
5.0
5.0
5.0
20.0
20.0
75.0
75.0
147.0
147.0
147.0
54.0
147.0
114.0
114.0
114.0
114.0
5.0
5.0
5.0
5.0
5.0
5.0
5.0
4.0
5.0
5.0
5.0
5.0
165.0
106.0
115.0
106.0
106.0
106.0
106.0
241.0
139.0
139.0
139.0
139.0
8.0
8.0
8.0
8.0
8.0
8.0
20.0
20.0
20.0
20.0
199.0
247.0
247.0
247.0
247.0
247.0
247.0
247.0
199.0
199.0
175.0
175.0
175.0
175.0
7.0
7.0
7.0
7.0
7.0
7.0
7.0
7.0
7.0
7.0
7.0
199.0
199.0
199.0
318.0
318.0
318.0
318.0
199.0
190.0
199.0
190.0
190.0
114.0
10.0
10.0
10.0
10.0
10.0
10.0
20.0
20.0
20.0
20.0
20.0
20.0
456.0
305.0
106.0
378.0
106.0
106.0
106.0
106.0
106.0
106.0
106.0
87.0
10.0
10.0
10.0
10.0
10.0
10.0
10.0
10.0
10.0
10.0
10.0
10.0
124.0
124.0
377.0
377.0
124.0
181.0
181.0
181.0
181.0
181.0
181.0
181.0
5.0
5.0
4.0
5.0
4.0
4.0
4.0
5.0
5.0
5.0
147.0
165.0
147.0
323.0
165.0
165.0
165.0
165.0
139.0
147.0
173.0
173.0
173.0
5.0
5.0
5.0
5.0
5.0
4.0
6.0
5.0
6.0
5.0
147.0
147.0
147.0
147.0
106.0
147.0
106.0
114.0
114.0
114.0
114.0
114.0
114.0
114.0
5.0
5.0
5.0
5.0
7.0
4.0
4.0
4.0
4.0
7.0
7.0
115.0
106.0
106.0
106.0
115.0
115.0
106.0
139.0
106.0
106.0
139.0
241.0
241.0
5.0
5.0
3.0
3.0
3.0
3.0
3.0
3.0
3.0
3.0
147.0
106.0
147.0
147.0
147.0
147.0
245.0
245.0
245.0
245.0
245.0
245.0
106.0
106.0
925.0
925.0
925.0
925.0
925.0
925.0
925.0
925.0
925.0
925.0
925.0
925.0
925.0
925.0
925.0
925.0
925.0
925.0
925.0
925.0
925.0
925.0
925.0
925.0
925.0
925.0
925.0
925.0
925.0
925.0
925.0
925.0
925.0
925.0
925.0
925.0
925.0
925.0
925.0
925.0
925.0
925.0
925.0
925.0
925.0
925.0
925.0
925.0
925.0
925.0
925.0
925.0
925.0
925.0
925.0
925.0
925.0
925.0
925.0
925.0
925.0
925.0
925.0
925.0
925.0
925.0
925.0
925.0
925.0
925.0
925.0
925.0
925.0
925.0
925.0
925.0
925.0
925.0
925.0
925.0
925.0
925.0
925.0
925.0
925.0
925.0
925.0
925.0
925.0
925.0
925.0
925.0
925.0
925.0
925.0
925.0
708.0
708.0
708.0
708.0
708.0
708.0
708.0
708.0
708.0
708.0
708.0
708.0
708.0
708.0
708.0
708.0
708.0
708.0
708.0
708.0
708.0
708.0
708.0
925.0
925.0
925.0
925.0
925.0
925.0
925.0
925.0
925.0
925.0
925.0
925.0
925.0
925.0
925.0
925.0
925.0
925.0
925.0
925.0
925.0
925.0
925.0
925.0
925.0
925.0
925.0
925.0
925.0
925.0
925.0
925.0
925.0
925.0
925.0
925.0
925.0
925.0
925.0
925.0
925.0
925.0
925.0
925.0
925.0
925.0
925.0
925.0
925.0
925.0
925.0
925.0
925.0
925.0
925.0
925.0
925.0
925.0
925.0
925.0
925.0
925.0
925.0
925.0
925.0
925.0
925.0
925.0
925.0
925.0
925.0
925.0
925.0
925.0
925.0
925.0
925.0
925.0
925.0
925.0
925.0
925.0
925.0
925.0
925.0
925.0
925.0
925.0
925.0
925.0
925.0
925.0
925.0
925.0
925.0
925.0
925.0
925.0
925.0
925.0
925.0
925.0
925.0
925.0
925.0
925.0
925.0
925.0
925.0
925.0
925.0
925.0
925.0
925.0
925.0
925.0
925.0
925.0
925.0
925.0
925.0
925.0
925.0
925.0
925.0
925.0
925.0
925.0
925.0
925.0
925.0
925.0
925.0
925.0
925.0
925.0
925.0
925.0
925.0
925.0
925.0
925.0
1.0
5.0
5.0
2.0
2.0
2.0
624.0
624.0
4.0
1.0
711.0
711.0
711.0
711.0
711.0
711.0
711.0
711.0
711.0
711.0
711.0
711.0
711.0
711.0
660.0
660.0
445.0
2.0
2.0
67.0
36.0
36.0
36.0
36.0
36.0
67.0
67.0
70.0
36.0
36.0
70.0
70.0
84.0
70.0
70.0
70.0
84.0
70.0
2.0
2.0
2.0
2.0
2.0
2.0
2.0
2.0
36.0
36.0
36.0
62.0
36.0
36.0
36.0
62.0
62.0
62.0
62.0
62.0
62.0
62.0
70.0
70.0
2.0
2.0
2.0
2.0
2.0
2.0
2.0
2.0
2.0
2.0
90.0
90.0
90.0
90.0
90.0
639.0
90.0
90.0
90.0
90.0
103.0
103.0
103.0
103.0
4.0
4.0
4.0
4.0
4.0
4.0
4.0
4.0
4.0
4.0
4.0
4.0
116.0
116.0
116.0
90.0
90.0
90.0
90.0
90.0
90.0
90.0
90.0
90.0
4.0
4.0
4.0
4.0
4.0
4.0
4.0
4.0
4.0
4.0
2.0
90.0
90.0
90.0
90.0
90.0
90.0
90.0
90.0
90.0
90.0
90.0
90.0
90.0
2.0
2.0
2.0
2.0
4.0
5.0
2.0
2.0
2.0
5.0
4.0
4.0
90.0
90.0
90.0
90.0
90.0
90.0
90.0
90.0
90.0
90.0
116.0
90.0
5.0
5.0
650.0
666.0
666.0
666.0
666.0
666.0
666.0
666.0
819.0
666.0
666.0
90.0
224.0
224.0
224.0
224.0
224.0
177.0
738.0
629.0
629.0
629.0
14.0
14.0
14.0
14.0
9.0
9.0
67.0
67.0
67.0
67.0
67.0
67.0
67.0
67.0
67.0
67.0
67.0
67.0
67.0
67.0
67.0
383.0
84.0
238.0
12.0
12.0
12.0
12.0
12.0
2.0
12.0
12.0
74.0
74.0
74.0
74.0
74.0
74.0
74.0
74.0
74.0
74.0
74.0
74.0
91.0
91.0
734.0
91.0
2.0
589.0
589.0
589.0
589.0
589.0
589.0
589.0
589.0
589.0
589.0
589.0
589.0
589.0
589.0
589.0
589.0
589.0
589.0
90.0
589.0
589.0
589.0
589.0
2.0
2.0
2.0
2.0
2.0
2.0
2.0
2.0
2.0
2.0
90.0
90.0
90.0
781.0
781.0
775.0
775.0
775.0
775.0
775.0
90.0
775.0
775.0
775.0
4.0
4.0
4.0
4.0
4.0
4.0
3.0
4.0
4.0
93.0
93.0
93.0
93.0
86.0
93.0
597.0
597.0
93.0
93.0
126.0
126.0
126.0
126.0
2.0
2.0
2.0
2.0
2.0
2.0
2.0
2.0
4.0
4.0
2.0
88.0
88.0
88.0
88.0
138.0
90.0
90.0
138.0
138.0
138.0
90.0
138.0
2.0
4.0
4.0
2.0
4.0
4.0
4.0
4.0
4.0
4.0
4.0
4.0
90.0
90.0
90.0
224.0
744.0
224.0
263.0
90.0
90.0
258.0
90.0
258.0
2.0
2.0
5.0
3.0
4.0
4.0
4.0
4.0
4.0
4.0
4.0
224.0
224.0
224.0
224.0
224.0
224.0
224.0
224.0
224.0
224.0
211.0
211.0
211.0
5.0
5.0
3.0
4.0
4.0
4.0
4.0
4.0
4.0
3.0
3.0
4.0
86.0
86.0
86.0
98.0
98.0
666.0
594.0
594.0
148.0
669.0
669.0
669.0
14.0
9.0
9.0
9.0
9.0
12.0
12.0
9.0
9.0
78.0
69.0
77.0
77.0
77.0
77.0
77.0
77.0
77.0
77.0
77.0
77.0
77.0
77.0
63.0
12.0
12.0
12.0
12.0
12.0
12.0
12.0
12.0
48.0
74.0
74.0
74.0
74.0
74.0
74.0
74.0
74.0
74.0
74.0
74.0
79.0
79.0
91.0
91.0
2.0
2.0
4.0
4.0
4.0
4.0
4.0
2.0
2.0
2.0
2.0
88.0
90.0
90.0
90.0
744.0
775.0
734.0
734.0
734.0
734.0
734.0
90.0
90.0
2.0
2.0
2.0
2.0
2.0
2.0
2.0
2.0
2.0
2.0
2.0
2.0
90.0
205.0
205.0
822.0
233.0
822.0
822.0
744.0
822.0
90.0
138.0
91.0
2.0
2.0
2.0
2.0
4.0
2.0
2.0
2.0
2.0
3.0
2.0
98.0
103.0
103.0
90.0
98.0
90.0
98.0
98.0
98.0
98.0
819.0
819.0
4.0
4.0
4.0
4.0
4.0
4.0
4.0
4.0
4.0
4.0
650.0
733.0
733.0
733.0
544.0
544.0
733.0
746.0
746.0
676.0
676.0
676.0
676.0
676.0
830.0
830.0
830.0
722.0
722.0
722.0
722.0
722.0
722.0
722.0
722.0
722.0
722.0
722.0
722.0
722.0
830.0
830.0
830.0
830.0
830.0
830.0
830.0
830.0
830.0
830.0
830.0
830.0
722.0
722.0
722.0
722.0
722.0
722.0
722.0
722.0
722.0
830.0
830.0
830.0
830.0
830.0
830.0
830.0
830.0
830.0
830.0
830.0
830.0
830.0
830.0
830.0
722.0
722.0
722.0
722.0
722.0
722.0
722.0
722.0
722.0
722.0
722.0
722.0
722.0
722.0
830.0
830.0
830.0
830.0
830.0
830.0
830.0
830.0
830.0
830.0
830.0
722.0
722.0
722.0
722.0
722.0
722.0
722.0
722.0
722.0
722.0
722.0
722.0
722.0
722.0
722.0
722.0
722.0
722.0
722.0
722.0
722.0
722.0
722.0
722.0
722.0
722.0
722.0
722.0
722.0
722.0
722.0
722.0
722.0
722.0
722.0
830.0
830.0
830.0
830.0
830.0
830.0
830.0
830.0
722.0
830.0
830.0
830.0
830.0
830.0
830.0
830.0
830.0
830.0
830.0
830.0
830.0
830.0
830.0
830.0
830.0
830.0
830.0
830.0
830.0
830.0
830.0
830.0
830.0
830.0
830.0
830.0
830.0
830.0
830.0
830.0
830.0
830.0
830.0
830.0
830.0
830.0
830.0
830.0
830.0
830.0
830.0
830.0
830.0
830.0
830.0
830.0
830.0
830.0
830.0
830.0
830.0
830.0
830.0
830.0
830.0
830.0
830.0
830.0
722.0
830.0
830.0
722.0
722.0
830.0
830.0
830.0
830.0
830.0
830.0
830.0
830.0
830.0
830.0
830.0
830.0
830.0
830.0
830.0
830.0
830.0
830.0
830.0
830.0
830.0
830.0
830.0
830.0
830.0
830.0
830.0
830.0
830.0
830.0
830.0
830.0
830.0
830.0
830.0
830.0
830.0
830.0
830.0
830.0
830.0
722.0
722.0
722.0
722.0
722.0
722.0
722.0
722.0
830.0
830.0
830.0
830.0
830.0
830.0
830.0
722.0
722.0
830.0
830.0
830.0
722.0
722.0
722.0
722.0
722.0
830.0
830.0
830.0
722.0
722.0
722.0
830.0
722.0
830.0
722.0
722.0
722.0
722.0
5.0
5.0
5.0
5.0
4.0
4.0
4.0
515.0
515.0
745.0
745.0
738.0
738.0
698.0
698.0
698.0
643.0
643.0
748.0
776.0
177.0
177.0
177.0
177.0
14.0
14.0
14.0
14.0
14.0
14.0
14.0
9.0
67.0
67.0
67.0
67.0
67.0
401.0
401.0
401.0
401.0
401.0
401.0
512.0
512.0
512.0
70.0
131.0
5.0
5.0
5.0
5.0
5.0
5.0
5.0
5.0
36.0
36.0
445.0
36.0
36.0
445.0
36.0
36.0
62.0
62.0
62.0
62.0
62.0
62.0
62.0
62.0
5.0
5.0
5.0
5.0
5.0
5.0
5.0
5.0
5.0
5.0
5.0
5.0
36.0
134.0
134.0
90.0
62.0
62.0
90.0
90.0
90.0
90.0
138.0
138.0
5.0
5.0
4.0
4.0
5.0
5.0
5.0
5.0
5.0
5.0
5.0
178.0
178.0
178.0
276.0
276.0
276.0
744.0
744.0
744.0
744.0
268.0
291.0
291.0
5.0
5.0
5.0
5.0
5.0
5.0
5.0
5.0
5.0
5.0
178.0
178.0
178.0
178.0
178.0
744.0
537.0
537.0
537.0
537.0
744.0
291.0
291.0
291.0
5.0
5.0
5.0
5.0
5.0
5.0
5.0
5.0
5.0
5.0
5.0
133.0
133.0
133.0
133.0
133.0
133.0
177.0
177.0
177.0
177.0
631.0
631.0
631.0
5.0
5.0
5.0
5.0
5.0
5.0
5.0
5.0
5.0
5.0
348.0
348.0
348.0
348.0
348.0
348.0
348.0
655.0
655.0
267.0
267.0
267.0
267.0
267.0
5.0
9.0
9.0
9.0
9.0
9.0
67.0
67.0
67.0
576.0
67.0
67.0
67.0
576.0
67.0
67.0
576.0
67.0
658.0
67.0
67.0
84.0
84.0
84.0
5.0
5.0
5.0
5.0
5.0
5.0
42.0
36.0
30.0
30.0
30.0
48.0
276.0
181.0
476.0
276.0
511.0
511.0
511.0
276.0
276.0
181.0
181.0
181.0
5.0
5.0
5.0
5.0
5.0
5.0
5.0
5.0
5.0
5.0
90.0
90.0
90.0
90.0
90.0
90.0
281.0
281.0
90.0
90.0
90.0
90.0
134.0
134.0
12.0
12.0
12.0
12.0
5.0
10.0
12.0
10.0
12.0
757.0
363.0
363.0
363.0
363.0
363.0
503.0
274.0
274.0
503.0
181.0
181.0
181.0
229.0
229.0
5.0
5.0
5.0
5.0
5.0
5.0
5.0
5.0
5.0
5.0
639.0
639.0
681.0
613.0
613.0
263.0
263.0
263.0
681.0
733.0
138.0
513.0
229.0
138.0
4.0
5.0
5.0
5.0
5.0
5.0
5.0
5.0
4.0
5.0
5.0
5.0
90.0
263.0
263.0
681.0
274.0
274.0
274.0
138.0
138.0
138.0
138.0
138.0
6.0
6.0
5.0
6.0
5.0
5.0
4.0
6.0
6.0
5.0
6.0
6.0
263.0
263.0
681.0
263.0
263.0
263.0
263.0
229.0
229.0
229.0
229.0
116.0
6.0
6.0
6.0
5.0
5.0
6.0
6.0
6.0
6.0
6.0
6.0
6.0
274.0
274.0
274.0
274.0
873.0
873.0
286.0
286.0
229.0
458.0
229.0
229.0
6.0
6.0
5.0
6.0
6.0
6.0
6.0
6.0
666.0
666.0
650.0
650.0
873.0
873.0
873.0
873.0
873.0
873.0
873.0
846.0
846.0
846.0
177.0
846.0
575.0
575.0
575.0
575.0
575.0
575.0
575.0
9.0
575.0
575.0
575.0
575.0
575.0
575.0
575.0
575.0
575.0
512.0
512.0
512.0
512.0
512.0
575.0
512.0
5.0
14.0
14.0
6.0
6.0
6.0
6.0
6.0
681.0
681.0
681.0
503.0
681.0
503.0
503.0
503.0
503.0
503.0
503.0
503.0
503.0
521.0
229.0
521.0
4.0
13.0
4.0
4.0
4.0
4.0
4.0
4.0
13.0
430.0
430.0
430.0
712.0
712.0
712.0
712.0
712.0
712.0
712.0
712.0
712.0
712.0
712.0
712.0
6.0
6.0
6.0
6.0
6.0
6.0
6.0
6.0
733.0
733.0
733.0
733.0
733.0
733.0
733.0
733.0
733.0
733.0
733.0
733.0
263.0
98.0
681.0
717.0
5.0
5.0
5.0
5.0
5.0
5.0
5.0
5.0
5.0
5.0
5.0
263.0
274.0
274.0
274.0
274.0
274.0
274.0
274.0
274.0
171.0
286.0
138.0
138.0
6.0
6.0
6.0
6.0
6.0
6.0
6.0
6.0
6.0
6.0
274.0
274.0
274.0
274.0
274.0
274.0
274.0
274.0
744.0
427.0
286.0
427.0
286.0
427.0
6.0
6.0
6.0
6.0
6.0
6.0
4.0
6.0
6.0
458.0
867.0
867.0
811.0
823.0
823.0
793.0
793.0
793.0
793.0
823.0
823.0
823.0
811.0
811.0
830.0
830.0
830.0
830.0
830.0
830.0
722.0
722.0
830.0
830.0
830.0
830.0
830.0
830.0
830.0
830.0
830.0
830.0
830.0
830.0
830.0
830.0
830.0
830.0
722.0
830.0
830.0
830.0
722.0
722.0
722.0
830.0
830.0
830.0
830.0
830.0
830.0
830.0
830.0
830.0
830.0
722.0
722.0
722.0
722.0
722.0
830.0
722.0
830.0
830.0
722.0
722.0
722.0
722.0
830.0
830.0
830.0
830.0
830.0
830.0
830.0
830.0
830.0
830.0
830.0
830.0
830.0
830.0
830.0
830.0
830.0
830.0
830.0
722.0
722.0
722.0
722.0
830.0
830.0
830.0
830.0
830.0
830.0
830.0
830.0
830.0
830.0
830.0
830.0
830.0
830.0
830.0
830.0
830.0
830.0
830.0
830.0
830.0
830.0
830.0
830.0
830.0
830.0
830.0
830.0
830.0
830.0
830.0
722.0
830.0
830.0
830.0
830.0
830.0
830.0
830.0
830.0
830.0
830.0
830.0
830.0
830.0
830.0
830.0
830.0
830.0
830.0
830.0
830.0
830.0
830.0
830.0
830.0
830.0
830.0
830.0
830.0
830.0
830.0
830.0
830.0
830.0
830.0
830.0
830.0
830.0
830.0
830.0
830.0
830.0
830.0
830.0
830.0
830.0
830.0
830.0
830.0
830.0
830.0
830.0
830.0
830.0
830.0
830.0
830.0
830.0
830.0
830.0
830.0
830.0
830.0
830.0
830.0
830.0
830.0
830.0
830.0
830.0
830.0
830.0
830.0
830.0
830.0
830.0
830.0
830.0
830.0
830.0
830.0
830.0
830.0
830.0
830.0
830.0
830.0
830.0
830.0
830.0
722.0
830.0
722.0
830.0
830.0
722.0
722.0
830.0
830.0
830.0
830.0
830.0
830.0
830.0
830.0
722.0
722.0
722.0
722.0
722.0
722.0
722.0
722.0
830.0
830.0
830.0
830.0
830.0
830.0
830.0
830.0
830.0
830.0
830.0
830.0
830.0
830.0
830.0
830.0
830.0
830.0
830.0
5.0
6.0
5.0
5.0
5.0
5.0
5.0
5.0
5.0
5.0
294.0
819.0
819.0
819.0
819.0
294.0
294.0
131.0
131.0
131.0
294.0
819.0
131.0
177.0
5.0
11.0
5.0
9.0
9.0
9.0
67.0
9.0
67.0
67.0
67.0
67.0
67.0
67.0
131.0
67.0
131.0
131.0
131.0
131.0
131.0
131.0
131.0
131.0
5.0
5.0
5.0
5.0
6.0
6.0
5.0
5.0
5.0
11.0
36.0
229.0
229.0
181.0
181.0
181.0
181.0
229.0
229.0
229.0
229.0
229.0
229.0
229.0
667.0
667.0
5.0
5.0
5.0
5.0
5.0
667.0
667.0
5.0
661.0
263.0
263.0
263.0
263.0
483.0
483.0
483.0
581.0
872.0
872.0
872.0
872.0
872.0
5.0
5.0
5.0
5.0
5.0
5.0
6.0
5.0
6.0
661.0
661.0
661.0
661.0
661.0
661.0
483.0
483.0
483.0
872.0
872.0
872.0
872.0
631.0
631.0
5.0
5.0
5.0
5.0
5.0
5.0
5.0
5.0
5.0
178.0
178.0
178.0
178.0
274.0
274.0
274.0
830.0
830.0
830.0
830.0
631.0
631.0
631.0
631.0
5.0
5.0
5.0
5.0
5.0
5.0
6.0
6.0
5.0
5.0
657.0
737.0
657.0
657.0
732.0
732.0
772.0
732.0
732.0
732.0
607.0
427.0
427.0
631.0
5.0
5.0
739.0
5.0
739.0
739.0
739.0
657.0
657.0
657.0
657.0
657.0
657.0
657.0
657.0
771.0
771.0
771.0
771.0
771.0
269.0
269.0
269.0
631.0
14.0
11.0
11.0
11.0
6.0
6.0
11.0
11.0
499.0
499.0
499.0
401.0
401.0
626.0
401.0
626.0
401.0
560.0
560.0
131.0
131.0
131.0
131.0
131.0
6.0
6.0
5.0
5.0
5.0
10.0
10.0
10.0
11.0
489.0
489.0
489.0
489.0
489.0
489.0
489.0
489.0
413.0
413.0
181.0
229.0
229.0
181.0
181.0
667.0
667.0
667.0
667.0
667.0
667.0
667.0
667.0
5.0
5.0
263.0
263.0
263.0
483.0
483.0
483.0
483.0
872.0
872.0
794.0
872.0
872.0
229.0
872.0
5.0
5.0
5.0
5.0
5.0
5.0
6.0
6.0
649.0
6.0
483.0
483.0
483.0
483.0
483.0
483.0
483.0
872.0
872.0
263.0
229.0
631.0
631.0
229.0
5.0
5.0
5.0
6.0
5.0
5.0
5.0
5.0
5.0
5.0
5.0
483.0
272.0
483.0
483.0
483.0
483.0
483.0
229.0
229.0
229.0
229.0
229.0
229.0
5.0
5.0
5.0
6.0
6.0
6.0
6.0
6.0
6.0
6.0
6.0
260.0
274.0
274.0
274.0
274.0
274.0
274.0
274.0
229.0
229.0
229.0
229.0
229.0
6.0
5.0
6.0
6.0
6.0
6.0
6.0
6.0
6.0
6.0
6.0
260.0
274.0
274.0
274.0
274.0
492.0
492.0
147.0
229.0
229.0
229.0
229.0
116.0
6.0
6.0
6.0
6.0
6.0
6.0
5.0
5.0
5.0
5.0
6.0
254.0
254.0
492.0
274.0
274.0
274.0
427.0
427.0
286.0
286.0
286.0
171.0
171.0
5.0
5.0
6.0
6.0
5.0
6.0
5.0
5.0
5.0
492.0
492.0
492.0
492.0
492.0
492.0
492.0
492.0
492.0
563.0
294.0
294.0
171.0
171.0
171.0
11.0
11.0
11.0
11.0
11.0
11.0
9.0
9.0
11.0
512.0
512.0
512.0
576.0
492.0
392.0
512.0
512.0
512.0
512.0
512.0
512.0
431.0
431.0
512.0
6.0
6.0
5.0
11.0
11.0
6.0
6.0
6.0
10.0
10.0
500.0
500.0
229.0
229.0
181.0
229.0
229.0
181.0
229.0
229.0
181.0
181.0
181.0
229.0
5.0
6.0
6.0
6.0
6.0
6.0
6.0
6.0
6.0
6.0
839.0
483.0
483.0
483.0
323.0
323.0
858.0
858.0
274.0
854.0
854.0
229.0
839.0
839.0
6.0
6.0
6.0
6.0
6.0
5.0
6.0
5.0
5.0
5.0
6.0
274.0
274.0
274.0
274.0
274.0
274.0
274.0
274.0
427.0
427.0
633.0
633.0
633.0
5.0
5.0
5.0
6.0
5.0
5.0
6.0
6.0
6.0
6.0
283.0
254.0
254.0
254.0
254.0
274.0
274.0
427.0
427.0
286.0
286.0
286.0
427.0
427.0
5.0
5.0
6.0
6.0
6.0
6.0
6.0
6.0
6.0
6.0
283.0
254.0
254.0
283.0
274.0
254.0
254.0
897.0
832.0
427.0
286.0
229.0
229.0
229.0
6.0
6.0
6.0
6.0
6.0
6.0
6.0
6.0
6.0
6.0
270.0
492.0
492.0
897.0
779.0
897.0
897.0
832.0
832.0
772.0
832.0
514.0
514.0
427.0
5.0
5.0
5.0
4.0
4.0
4.0
4.0
4.0
6.0
6.0
299.0
247.0
247.0
247.0
247.0
286.0
247.0
286.0
270.0
299.0
148.0
148.0
148.0
171.0
6.0
6.0
6.0
6.0
6.0
6.0
6.0
6.0
6.0
668.0
719.0
668.0
668.0
894.0
894.0
894.0
894.0
894.0
286.0
207.0
719.0
719.0
338.0
338.0
11.0
8.0
8.0
9.0
9.0
9.0
9.0
9.0
679.0
668.0
668.0
668.0
668.0
668.0
647.0
647.0
431.0
431.0
431.0
431.0
431.0
431.0
403.0
469.0
830.0
830.0
830.0
830.0
830.0
830.0
830.0
830.0
830.0
830.0
830.0
830.0
830.0
830.0
830.0
830.0
830.0
830.0
830.0
830.0
830.0
722.0
830.0
722.0
830.0
830.0
722.0
830.0
830.0
830.0
830.0
830.0
830.0
830.0
830.0
830.0
830.0
830.0
830.0
830.0
830.0
830.0
830.0
830.0
830.0
830.0
830.0
830.0
830.0
830.0
830.0
830.0
830.0
830.0
830.0
830.0
830.0
830.0
830.0
830.0
830.0
830.0
830.0
830.0
830.0
830.0
830.0
830.0
830.0
830.0
830.0
830.0
830.0
830.0
722.0
722.0
830.0
830.0
830.0
830.0
830.0
830.0
830.0
830.0
830.0
830.0
830.0
830.0
830.0
830.0
830.0
830.0
830.0
830.0
722.0
722.0
830.0
830.0
830.0
830.0
830.0
830.0
830.0
830.0
830.0
830.0
722.0
722.0
722.0
722.0
722.0
722.0
722.0
722.0
722.0
830.0
722.0
722.0
722.0
722.0
722.0
722.0
722.0
722.0
722.0
830.0
722.0
722.0
830.0
722.0
722.0
722.0
722.0
722.0
722.0
722.0
722.0
722.0
722.0
722.0
722.0
722.0
722.0
722.0
830.0
830.0
722.0
722.0
830.0
830.0
830.0
830.0
830.0
830.0
830.0
830.0
830.0
830.0
830.0
830.0
830.0
830.0
830.0
830.0
830.0
830.0
830.0
830.0
830.0
830.0
830.0
830.0
830.0
830.0
830.0
830.0
830.0
830.0
830.0
830.0
830.0
830.0
830.0
830.0
830.0
830.0
830.0
722.0
722.0
830.0
830.0
830.0
11.0
11.0
11.0
11.0
11.0
11.0
11.0
11.0
11.0
67.0
67.0
67.0
670.0
670.0
670.0
670.0
567.0
670.0
567.0
567.0
637.0
567.0
567.0
567.0
5.0
5.0
5.0
10.0
11.0
10.0
11.0
11.0
10.0
444.0
444.0
619.0
619.0
619.0
943.0
943.0
943.0
943.0
943.0
838.0
838.0
838.0
838.0
838.0
5.0
5.0
5.0
5.0
798.0
784.0
588.0
798.0
784.0
784.0
319.0
943.0
943.0
943.0
943.0
943.0
943.0
943.0
888.0
581.0
581.0
784.0
784.0
784.0
5.0
5.0
5.0
5.0
5.0
5.0
5.0
5.0
5.0
5.0
5.0
737.0
319.0
319.0
917.0
917.0
917.0
917.0
323.0
692.0
888.0
888.0
888.0
888.0
5.0
5.0
5.0
5.0
5.0
5.0
5.0
5.0
5.0
5.0
5.0
497.0
260.0
497.0
917.0
917.0
917.0
948.0
948.0
689.0
516.0
516.0
262.0
516.0
737.0
5.0
5.0
5.0
5.0
5.0
5.0
5.0
5.0
5.0
5.0
5.0
395.0
395.0
839.0
395.0
839.0
507.0
131.0
177.0
131.0
131.0
131.0
131.0
5.0
5.0
5.0
5.0
5.0
5.0
5.0
5.0
5.0
5.0
687.0
395.0
395.0
890.0
469.0
563.0
890.0
890.0
890.0
788.0
788.0
788.0
788.0
177.0
11.0
11.0
11.0
11.0
11.0
11.0
11.0
11.0
11.0
11.0
67.0
67.0
659.0
659.0
469.0
392.0
392.0
359.0
359.0
131.0
131.0
131.0
131.0
162.0
5.0
5.0
5.0
5.0
11.0
11.0
11.0
11.0
11.0
320.0
619.0
619.0
320.0
320.0
320.0
320.0
561.0
320.0
229.0
229.0
229.0
229.0
229.0
229.0
5.0
784.0
784.0
817.0
817.0
817.0
817.0
319.0
784.0
817.0
588.0
588.0
817.0
817.0
5.0
817.0
5.0
817.0
798.0
817.0
798.0
5.0
888.0
5.0
692.0
319.0
817.0
692.0
817.0
817.0
817.0
817.0
817.0
817.0
838.0
838.0
5.0
5.0
5.0
5.0
5.0
5.0
5.0
5.0
5.0
5.0
5.0
319.0
319.0
319.0
319.0
319.0
592.0
592.0
592.0
592.0
262.0
692.0
692.0
692.0
5.0
5.0
4.0
4.0
4.0
4.0
4.0
588.0
5.0
5.0
5.0
319.0
319.0
319.0
319.0
319.0
268.0
268.0
268.0
233.0
241.0
233.0
692.0
692.0
8.0
8.0
8.0
8.0
4.0
4.0
8.0
4.0
4.0
199.0
353.0
247.0
247.0
247.0
637.0
637.0
247.0
566.0
434.0
434.0
434.0
434.0
434.0
434.0
5.0
5.0
5.0
5.0
5.0
745.0
745.0
745.0
7.0
7.0
11.0
348.0
348.0
348.0
348.0
348.0
689.0
689.0
689.0
689.0
761.0
469.0
900.0
900.0
606.0
606.0
606.0
9.0
711.0
711.0
711.0
711.0
711.0
711.0
711.0
711.0
711.0
567.0
567.0
567.0
567.0
567.0
637.0
567.0
567.0
567.0
637.0
637.0
12.0
12.0
12.0
798.0
798.0
12.0
12.0
12.0
74.0
561.0
74.0
561.0
561.0
561.0
561.0
405.0
405.0
405.0
838.0
838.0
405.0
838.0
405.0
405.0
798.0
688.0
688.0
688.0
798.0
588.0
798.0
692.0
692.0
692.0
692.0
619.0
619.0
943.0
943.0
943.0
943.0
943.0
319.0
692.0
692.0
692.0
692.0
592.0
5.0
5.0
5.0
5.0
5.0
5.0
5.0
5.0
5.0
5.0
5.0
687.0
687.0
687.0
687.0
126.0
126.0
126.0
588.0
588.0
588.0
588.0
588.0
126.0
5.0
5.0
5.0
5.0
5.0
5.0
5.0
5.0
691.0
5.0
124.0
124.0
608.0
124.0
638.0
638.0
638.0
638.0
638.0
638.0
838.0
838.0
838.0
838.0
5.0
5.0
5.0
5.0
798.0
5.0
798.0
5.0
199.0
5.0
638.0
124.0
525.0
124.0
124.0
638.0
638.0
241.0
241.0
241.0
415.0
507.0
507.0
5.0
5.0
5.0
5.0
5.0
745.0
745.0
745.0
5.0
7.0
680.0
711.0
711.0
711.0
711.0
689.0
199.0
241.0
251.0
507.0
507.0
507.0
507.0
171.0
5.0
5.0
5.0
5.0
5.0
5.0
5.0
5.0
680.0
680.0
11.0
228.0
228.0
228.0
228.0
228.0
228.0
228.0
87.0
106.0
106.0
106.0
106.0
891.0
925.0
925.0
925.0
925.0
925.0
925.0
925.0
925.0
925.0
925.0
925.0
925.0
925.0
925.0
925.0
925.0
925.0
925.0
925.0
925.0
925.0
925.0
925.0
925.0
925.0
925.0
925.0
925.0
925.0
925.0
925.0
925.0
925.0
925.0
925.0
925.0
925.0
925.0
925.0
925.0
925.0
925.0
925.0
925.0
925.0
925.0
925.0
925.0
708.0
708.0
708.0
708.0
708.0
708.0
708.0
708.0
708.0
708.0
708.0
708.0
708.0
708.0
708.0
708.0
708.0
708.0
708.0
708.0
708.0
708.0
708.0
708.0
708.0
708.0
708.0
708.0
708.0
708.0
708.0
708.0
708.0
708.0
708.0
708.0
708.0
708.0
708.0
708.0
708.0
708.0
708.0
708.0
708.0
708.0
708.0
925.0
925.0
925.0
925.0
925.0
925.0
925.0
925.0
925.0
925.0
925.0
925.0
925.0
925.0
925.0
925.0
925.0
925.0
925.0
925.0
925.0
925.0
925.0
925.0
925.0
925.0
925.0
925.0
925.0
925.0
925.0
925.0
925.0
925.0
925.0
925.0
925.0
925.0
925.0
925.0
925.0
925.0
925.0
925.0
925.0
925.0
925.0
925.0
925.0
925.0
925.0
925.0
925.0
925.0
925.0
925.0
925.0
925.0
925.0
925.0
925.0
925.0
925.0
925.0
925.0
925.0
925.0
925.0
925.0
925.0
925.0
925.0
925.0
925.0
925.0
925.0
925.0
925.0
925.0
925.0
925.0
925.0
925.0
925.0
925.0
925.0
925.0
925.0
925.0
925.0
925.0
925.0
925.0
925.0
925.0
925.0
925.0
925.0
925.0
925.0
925.0
925.0
925.0
925.0
925.0
925.0
925.0
925.0
925.0
925.0
925.0
925.0
925.0
925.0
925.0
925.0
925.0
925.0
925.0
708.0
708.0
708.0
708.0
708.0
708.0
708.0
708.0
708.0
708.0
708.0
708.0
708.0
708.0
708.0
708.0
708.0
708.0
708.0
708.0
708.0
708.0
708.0
708.0
708.0
708.0
708.0
708.0
708.0
708.0
708.0
708.0
708.0
708.0
708.0
708.0
708.0
708.0
708.0
708.0
708.0
708.0
708.0
708.0
708.0
708.0
708.0
708.0
